1	0	-0.249281257390976
2	1	-0.249468758702278
3	2	-0.24965626001358
4	3	-0.249843761324882
5	4	-0.249937504529953
6	5	-0.250031262636185
7	6	-0.250125020742416
8	7	-0.250218749046326
9	8	-0.250218749046326
10	9	-0.250312507152557
11	10	-0.250406265258789
12	11	-0.250500023365021
13	12	-0.25059375166893
14	13	-0.250781267881393
15	14	-0.250875025987625
16	15	-0.251156270503998
17	16	-0.251249998807907
18	17	-0.251343756914139
19	18	-0.251531273126602
20	19	-0.251531273126602
21	20	-0.251625001430511
22	21	-0.251625001430511
23	22	-0.251718759536743
24	23	-0.251718759536743
25	24	-0.251718759536743
26	25	-0.251812517642975
27	26	-0.251906275749207
28	27	-0.252000004053116
29	28	-0.252093762159348
30	29	-0.252187520265579
31	30	-0.252187520265579
32	31	-0.25237500667572
33	32	-0.252468764781952
34	33	-0.252562522888184
35	34	-0.252750009298325
36	35	-0.252843767404556
37	36	-0.252843767404556
38	37	-0.252937525510788
39	38	-0.253031253814697
40	39	-0.253031253814697
41	40	-0.253125011920929
42	41	-0.253125011920929
43	42	-0.253125011920929
44	43	-0.253218770027161
45	44	-0.253218770027161
46	45	-0.253218770027161
47	46	-0.253218770027161
48	47	-0.25331249833107
49	48	-0.25331249833107
50	49	-0.253406256437302
51	50	-0.253406256437302
52	51	-0.253406256437302
53	52	-0.253593772649765
54	53	-0.253593772649765
55	54	-0.253687500953674
56	55	-0.253781259059906
57	56	-0.253875017166138
58	57	-0.253968775272369
59	58	-0.253968775272369
60	59	-0.253968775272369
61	60	-0.25415626168251
62	61	-0.254250019788742
63	62	-0.254250019788742
64	63	-0.254343748092651
65	64	-0.254343748092651
66	65	-0.254343748092651
67	66	-0.254437506198883
68	67	-0.254531264305115
69	68	-0.254531264305115
70	69	-0.254531264305115
71	70	-0.254625022411346
72	71	-0.254625022411346
73	72	-0.254625022411346
74	73	-0.254625022411346
75	74	-0.254625022411346
76	75	-0.254625022411346
77	76	-0.254625022411346
78	77	-0.254718750715256
79	78	-0.254718750715256
80	79	-0.254718750715256
81	80	-0.254718750715256
82	81	-0.254718750715256
83	82	-0.254718750715256
84	83	-0.254718750715256
85	84	-0.254812508821487
86	85	-0.254812508821487
87	86	-0.254812508821487
88	87	-0.254812508821487
89	88	-0.254906266927719
90	89	-0.254906266927719
91	90	-0.255000025033951
92	91	-0.255000025033951
93	92	-0.255000025033951
94	93	-0.25509375333786
95	94	-0.25509375333786
96	95	-0.255187511444092
97	96	-0.255187511444092
98	97	-0.255187511444092
99	98	-0.255187511444092
100	99	-0.255187511444092
101	100	-0.255374997854233
102	101	-0.255374997854233
103	102	-0.255374997854233
104	103	-0.255468755960464
105	104	-0.255468755960464
106	105	-0.255562514066696
107	106	-0.255562514066696
108	107	-0.255562514066696
109	108	-0.255656272172928
110	109	-0.255562514066696
111	110	-0.255656272172928
112	111	-0.255656272172928
113	112	-0.255750000476837
114	113	-0.255656272172928
115	114	-0.255750000476837
116	115	-0.255843758583069
117	116	-0.255843758583069
118	117	-0.255843758583069
119	118	-0.255843758583069
120	119	-0.255937516689301
121	120	-0.255937516689301
122	121	-0.255937516689301
123	122	-0.255937516689301
124	123	-0.256031274795532
125	124	-0.256031274795532
126	125	-0.256031274795532
127	126	-0.256031274795532
128	127	-0.256031274795532
129	128	-0.256031274795532
130	129	-0.256031274795532
131	130	-0.256125003099442
132	131	-0.256031274795532
133	132	-0.256125003099442
134	133	-0.256125003099442
135	134	-0.256125003099442
136	135	-0.256125003099442
137	136	-0.256125003099442
138	137	-0.256125003099442
139	138	-0.256125003099442
140	139	-0.256125003099442
141	140	-0.256125003099442
142	141	-0.256125003099442
143	142	-0.256125003099442
144	143	-0.256125003099442
145	144	-0.256125003099442
146	145	-0.256125003099442
147	146	-0.256218761205673
148	147	-0.256218761205673
149	148	-0.256218761205673
150	149	-0.256218761205673
151	150	-0.256218761205673
152	151	-0.256218761205673
153	152	-0.256218761205673
154	153	-0.256218761205673
155	154	-0.256218761205673
156	155	-0.256218761205673
157	156	-0.256218761205673
158	157	-0.256218761205673
159	158	-0.256218761205673
160	159	-0.256218761205673
161	160	-0.256218761205673
162	161	-0.256218761205673
163	162	-0.256218761205673
164	163	-0.256218761205673
165	164	-0.256312519311905
166	165	-0.256312519311905
167	166	-0.256312519311905
168	167	-0.256312519311905
169	168	-0.256312519311905
170	169	-0.256312519311905
171	170	-0.256312519311905
172	171	-0.256312519311905
173	172	-0.256312519311905
174	173	-0.256312519311905
175	174	-0.256406247615814
176	175	-0.256406247615814
177	176	-0.256406247615814
178	177	-0.256406247615814
179	178	-0.256406247615814
180	179	-0.256406247615814
181	180	-0.256406247615814
182	181	-0.256406247615814
183	182	-0.256406247615814
184	183	-0.256406247615814
185	184	-0.256406247615814
186	185	-0.256406247615814
187	186	-0.256500005722046
188	187	-0.256500005722046
189	188	-0.256500005722046
190	189	-0.256500005722046
191	190	-0.256406247615814
192	191	-0.256500005722046
193	192	-0.256593763828278
194	193	-0.256593763828278
195	194	-0.256593763828278
196	195	-0.256593763828278
197	196	-0.256593763828278
198	197	-0.256593763828278
199	198	-0.256593763828278
200	199	-0.256593763828278
201	200	-0.256593763828278
202	201	-0.256687521934509
203	202	-0.256687521934509
204	203	-0.256687521934509
205	204	-0.256687521934509
206	205	-0.256687521934509
207	206	-0.256687521934509
208	207	-0.256687521934509
209	208	-0.256687521934509
210	209	-0.256687521934509
211	210	-0.256687521934509
212	211	-0.256781250238419
213	212	-0.256781250238419
214	213	-0.256781250238419
215	214	-0.256781250238419
216	215	-0.256781250238419
217	216	-0.256781250238419
218	217	-0.256781250238419
219	218	-0.256781250238419
220	219	-0.256781250238419
221	220	-0.256781250238419
222	221	-0.256781250238419
223	222	-0.25687500834465
224	223	-0.25687500834465
225	224	-0.25687500834465
226	225	-0.25687500834465
227	226	-0.25687500834465
228	227	-0.25687500834465
229	228	-0.25687500834465
230	229	-0.25687500834465
231	230	-0.25687500834465
232	231	-0.25687500834465
233	232	-0.25687500834465
234	233	-0.25687500834465
235	234	-0.256968766450882
236	235	-0.256968766450882
237	236	-0.256968766450882
238	237	-0.256968766450882
239	238	-0.256968766450882
240	239	-0.256968766450882
241	240	-0.256968766450882
242	241	-0.256968766450882
243	242	-0.256968766450882
244	243	-0.256968766450882
245	244	-0.256968766450882
246	245	-0.256968766450882
247	246	-0.256968766450882
248	247	-0.256968766450882
249	248	-0.256968766450882
250	249	-0.256968766450882
251	250	-0.256968766450882
252	251	-0.256968766450882
253	252	-0.257062524557114
254	253	-0.257062524557114
255	254	-0.257062524557114
256	255	-0.257062524557114
257	256	-0.257062524557114
258	257	-0.257062524557114
259	258	-0.257062524557114
260	259	-0.257062524557114
261	260	-0.257062524557114
262	261	-0.257062524557114
263	262	-0.257062524557114
264	263	-0.257062524557114
265	264	-0.257062524557114
266	265	-0.257156252861023
267	266	-0.257156252861023
268	267	-0.257156252861023
269	268	-0.257156252861023
270	269	-0.257156252861023
271	270	-0.257156252861023
272	271	-0.257156252861023
273	272	-0.257156252861023
274	273	-0.257156252861023
275	274	-0.257156252861023
276	275	-0.257156252861023
277	276	-0.257156252861023
278	277	-0.257156252861023
279	278	-0.257156252861023
280	279	-0.257156252861023
281	280	-0.257156252861023
282	281	-0.257156252861023
283	282	-0.257156252861023
284	283	-0.257156252861023
285	284	-0.257156252861023
286	285	-0.257156252861023
287	286	-0.257156252861023
288	287	-0.257156252861023
289	288	-0.257156252861023
290	289	-0.257156252861023
291	290	-0.257250010967255
292	291	-0.257250010967255
293	292	-0.257250010967255
294	293	-0.257250010967255
295	294	-0.257250010967255
296	295	-0.257250010967255
297	296	-0.257250010967255
298	297	-0.257250010967255
299	298	-0.257250010967255
300	299	-0.257250010967255
301	300	-0.257250010967255
302	301	-0.257250010967255
303	302	-0.257250010967255
304	303	-0.257250010967255
305	304	-0.257250010967255
306	305	-0.257250010967255
307	306	-0.257250010967255
308	307	-0.257250010967255
309	308	-0.257250010967255
310	309	-0.257250010967255
311	310	-0.257250010967255
312	311	-0.257250010967255
313	312	-0.257250010967255
314	313	-0.257343769073486
315	314	-0.257343769073486
316	315	-0.257343769073486
317	316	-0.257343769073486
318	317	-0.257343769073486
319	318	-0.257343769073486
320	319	-0.257343769073486
321	320	-0.257343769073486
322	321	-0.257343769073486
323	322	-0.257343769073486
324	323	-0.257343769073486
325	324	-0.257343769073486
326	325	-0.257343769073486
327	326	-0.257343769073486
328	327	-0.257343769073486
329	328	-0.257343769073486
330	329	-0.257343769073486
331	330	-0.257343769073486
332	331	-0.257343769073486
333	332	-0.257343769073486
334	333	-0.257343769073486
335	334	-0.257343769073486
336	335	-0.257343769073486
337	336	-0.257343769073486
338	337	-0.257343769073486
339	338	-0.257343769073486
340	339	-0.257343769073486
341	340	-0.257343769073486
342	341	-0.257343769073486
343	342	-0.257343769073486
344	343	-0.257343769073486
345	344	-0.257343769073486
346	345	-0.257343769073486
347	346	-0.257343769073486
348	347	-0.257437497377396
349	348	-0.257343769073486
350	349	-0.257437497377396
351	350	-0.257437497377396
352	351	-0.257437497377396
353	352	-0.257343769073486
354	353	-0.257437497377396
355	354	-0.257343769073486
356	355	-0.257437497377396
357	356	-0.257437497377396
358	357	-0.257437497377396
359	358	-0.257437497377396
360	359	-0.257437497377396
361	360	-0.257437497377396
362	361	-0.257437497377396
363	362	-0.257437497377396
364	363	-0.257437497377396
365	364	-0.257437497377396
366	365	-0.257437497377396
367	366	-0.257437497377396
368	367	-0.257437497377396
369	368	-0.257437497377396
370	369	-0.257437497377396
371	370	-0.257437497377396
372	371	-0.257437497377396
373	372	-0.257437497377396
374	373	-0.257437497377396
375	374	-0.257437497377396
376	375	-0.257437497377396
377	376	-0.257437497377396
378	377	-0.257437497377396
379	378	-0.257437497377396
380	379	-0.257437497377396
381	380	-0.257437497377396
382	381	-0.257437497377396
383	382	-0.257437497377396
384	383	-0.257437497377396
385	384	-0.257437497377396
386	385	-0.257437497377396
387	386	-0.257437497377396
388	387	-0.257437497377396
389	388	-0.257437497377396
390	389	-0.257437497377396
391	390	-0.257437497377396
392	391	-0.257437497377396
393	392	-0.257437497377396
394	393	-0.257437497377396
395	394	-0.257437497377396
396	395	-0.257437497377396
397	396	-0.257437497377396
398	397	-0.257437497377396
399	398	-0.257437497377396
400	399	-0.257437497377396
401	400	-0.257437497377396
402	401	-0.257437497377396
403	402	-0.257437497377396
404	403	-0.257437497377396
405	404	-0.257437497377396
406	405	-0.257437497377396
407	406	-0.257437497377396
408	407	-0.257437497377396
409	408	-0.257437497377396
410	409	-0.257437497377396
411	410	-0.257437497377396
412	411	-0.257437497377396
413	412	-0.257437497377396
414	413	-0.257437497377396
415	414	-0.257437497377396
416	415	-0.257437497377396
417	416	-0.257437497377396
418	417	-0.257437497377396
419	418	-0.257437497377396
420	419	-0.257437497377396
421	420	-0.257437497377396
422	421	-0.257437497377396
423	422	-0.257437497377396
424	423	-0.257437497377396
425	424	-0.257437497377396
426	425	-0.257437497377396
427	426	-0.257437497377396
428	427	-0.257437497377396
429	428	-0.257437497377396
430	429	-0.257437497377396
431	430	-0.257437497377396
432	431	-0.257437497377396
433	432	-0.257437497377396
434	433	-0.257437497377396
435	434	-0.257437497377396
436	435	-0.257437497377396
437	436	-0.257437497377396
438	437	-0.257437497377396
439	438	-0.257437497377396
440	439	-0.257437497377396
441	440	-0.257437497377396
442	441	-0.257437497377396
443	442	-0.257437497377396
444	443	-0.257437497377396
445	444	-0.257437497377396
446	445	-0.257437497377396
447	446	-0.257437497377396
448	447	-0.257437497377396
449	448	-0.257437497377396
450	449	-0.257437497377396
451	450	-0.257437497377396
452	451	-0.257437497377396
453	452	-0.257437497377396
454	453	-0.257437497377396
455	454	-0.257437497377396
456	455	-0.257437497377396
457	456	-0.257437497377396
458	457	-0.257437497377396
459	458	-0.257437497377396
460	459	-0.257437497377396
461	460	-0.257437497377396
462	461	-0.257531255483627
463	462	-0.257531255483627
464	463	-0.257437497377396
465	464	-0.257437497377396
466	465	-0.257437497377396
467	466	-0.257437497377396
468	467	-0.257437497377396
469	468	-0.257437497377396
470	469	-0.257437497377396
471	470	-0.257437497377396
472	471	-0.257437497377396
473	472	-0.257437497377396
474	473	-0.257437497377396
475	474	-0.257437497377396
476	475	-0.257437497377396
477	476	-0.257437497377396
478	477	-0.257437497377396
479	478	-0.257437497377396
480	479	-0.257437497377396
481	480	-0.257437497377396
482	481	-0.257437497377396
483	482	-0.257437497377396
484	483	-0.257437497377396
485	484	-0.257437497377396
486	485	-0.257437497377396
487	486	-0.257437497377396
488	487	-0.257437497377396
489	488	-0.257437497377396
490	489	-0.257437497377396
491	490	-0.257437497377396
492	491	-0.257437497377396
493	492	-0.257437497377396
494	493	-0.257437497377396
495	494	-0.257437497377396
496	495	-0.257437497377396
497	496	-0.257437497377396
498	497	-0.257437497377396
499	498	-0.257437497377396
500	499	-0.257437497377396
501	500	-0.257437497377396
502	501	-0.257437497377396
503	502	-0.257437497377396
504	503	-0.257437497377396
505	504	-0.257437497377396
506	505	-0.257437497377396
507	506	-0.257437497377396
508	507	-0.257437497377396
509	508	-0.257437497377396
510	509	-0.257437497377396
511	510	-0.257437497377396
512	511	-0.257437497377396
513	512	-0.257437497377396
514	513	-0.257437497377396
515	514	-0.257437497377396
516	515	-0.257437497377396
517	516	-0.257437497377396
518	517	-0.257437497377396
519	518	-0.257437497377396
520	519	-0.257437497377396
521	520	-0.257437497377396
522	521	-0.257437497377396
523	522	-0.257437497377396
524	523	-0.257437497377396
525	524	-0.257437497377396
526	525	-0.257437497377396
527	526	-0.257437497377396
528	527	-0.257437497377396
529	528	-0.257437497377396
530	529	-0.257437497377396
531	530	-0.257437497377396
532	531	-0.257437497377396
533	532	-0.257437497377396
534	533	-0.257437497377396
535	534	-0.257437497377396
536	535	-0.257437497377396
537	536	-0.257437497377396
538	537	-0.257437497377396
539	538	-0.257437497377396
540	539	-0.257437497377396
541	540	-0.257437497377396
542	541	-0.257437497377396
543	542	-0.257437497377396
544	543	-0.257437497377396
545	544	-0.257437497377396
546	545	-0.257437497377396
547	546	-0.257437497377396
548	547	-0.257437497377396
549	548	-0.257437497377396
550	549	-0.257437497377396
551	550	-0.257437497377396
552	551	-0.257437497377396
553	552	-0.257437497377396
554	553	-0.257437497377396
555	554	-0.257437497377396
556	555	-0.257437497377396
557	556	-0.257437497377396
558	557	-0.257437497377396
559	558	-0.257437497377396
560	559	-0.257437497377396
561	560	-0.257437497377396
562	561	-0.257437497377396
563	562	-0.257437497377396
564	563	-0.257343769073486
565	564	-0.257343769073486
566	565	-0.257437497377396
567	566	-0.257437497377396
568	567	-0.257437497377396
569	568	-0.257437497377396
570	569	-0.257437497377396
571	570	-0.257437497377396
572	571	-0.257437497377396
573	572	-0.257437497377396
574	573	-0.257437497377396
575	574	-0.257437497377396
576	575	-0.257437497377396
577	576	-0.257437497377396
578	577	-0.257437497377396
579	578	-0.257437497377396
580	579	-0.257437497377396
581	580	-0.257437497377396
582	581	-0.257343769073486
583	582	-0.257343769073486
584	583	-0.257343769073486
585	584	-0.257437497377396
586	585	-0.257437497377396
587	586	-0.257437497377396
588	587	-0.257437497377396
589	588	-0.257437497377396
590	589	-0.257343769073486
591	590	-0.257343769073486
592	591	-0.257343769073486
593	592	-0.257343769073486
594	593	-0.257343769073486
595	594	-0.257343769073486
596	595	-0.257343769073486
597	596	-0.257343769073486
598	597	-0.257343769073486
599	598	-0.257343769073486
600	599	-0.257343769073486
601	600	-0.257343769073486
602	601	-0.257343769073486
603	602	-0.257343769073486
604	603	-0.257343769073486
605	604	-0.257343769073486
606	605	-0.257437497377396
607	606	-0.257437497377396
608	607	-0.257437497377396
609	608	-0.257437497377396
610	609	-0.257343769073486
611	610	-0.257343769073486
612	611	-0.257437497377396
613	612	-0.257343769073486
614	613	-0.257437497377396
615	614	-0.257437497377396
616	615	-0.257437497377396
617	616	-0.257437497377396
618	617	-0.257343769073486
619	618	-0.257343769073486
620	619	-0.257343769073486
621	620	-0.257343769073486
622	621	-0.257343769073486
623	622	-0.257343769073486
624	623	-0.257343769073486
625	624	-0.257343769073486
626	625	-0.257343769073486
627	626	-0.257343769073486
628	627	-0.257343769073486
629	628	-0.257343769073486
630	629	-0.257343769073486
631	630	-0.257343769073486
632	631	-0.257343769073486
633	632	-0.257343769073486
634	633	-0.257343769073486
635	634	-0.257343769073486
636	635	-0.257343769073486
637	636	-0.257343769073486
638	637	-0.257343769073486
639	638	-0.257343769073486
640	639	-0.257343769073486
641	640	-0.257343769073486
642	641	-0.257343769073486
643	642	-0.257343769073486
644	643	-0.257343769073486
645	644	-0.257343769073486
646	645	-0.257343769073486
647	646	-0.257343769073486
648	647	-0.257343769073486
649	648	-0.257343769073486
650	649	-0.257343769073486
651	650	-0.257343769073486
652	651	-0.257343769073486
653	652	-0.257343769073486
654	653	-0.257343769073486
655	654	-0.257343769073486
656	655	-0.257343769073486
657	656	-0.257343769073486
658	657	-0.257343769073486
659	658	-0.257343769073486
660	659	-0.257343769073486
661	660	-0.257343769073486
662	661	-0.257343769073486
663	662	-0.257343769073486
664	663	-0.257343769073486
665	664	-0.257343769073486
666	665	-0.257343769073486
667	666	-0.257343769073486
668	667	-0.257437497377396
669	668	-0.257343769073486
670	669	-0.257437497377396
671	670	-0.257343769073486
672	671	-0.257343769073486
673	672	-0.257343769073486
674	673	-0.257343769073486
675	674	-0.257343769073486
676	675	-0.257343769073486
677	676	-0.257343769073486
678	677	-0.257343769073486
679	678	-0.257343769073486
680	679	-0.257437497377396
681	680	-0.257343769073486
682	681	-0.257437497377396
683	682	-0.257437497377396
684	683	-0.257437497377396
685	684	-0.257437497377396
686	685	-0.257437497377396
687	686	-0.257437497377396
688	687	-0.257343769073486
689	688	-0.257437497377396
690	689	-0.257343769073486
691	690	-0.257437497377396
692	691	-0.257437497377396
693	692	-0.257437497377396
694	693	-0.257437497377396
695	694	-0.257437497377396
696	695	-0.257437497377396
697	696	-0.257437497377396
698	697	-0.257437497377396
699	698	-0.257437497377396
700	699	-0.257437497377396
701	700	-0.257437497377396
702	701	-0.257437497377396
703	702	-0.257437497377396
704	703	-0.257437497377396
705	704	-0.257437497377396
706	705	-0.257437497377396
707	706	-0.257437497377396
708	707	-0.257437497377396
709	708	-0.257437497377396
710	709	-0.257437497377396
711	710	-0.257437497377396
712	711	-0.257437497377396
713	712	-0.257437497377396
714	713	-0.257437497377396
715	714	-0.257437497377396
716	715	-0.257437497377396
717	716	-0.257437497377396
718	717	-0.257437497377396
719	718	-0.257437497377396
720	719	-0.257437497377396
721	720	-0.257437497377396
722	721	-0.257437497377396
723	722	-0.257437497377396
724	723	-0.257437497377396
725	724	-0.257437497377396
726	725	-0.257437497377396
727	726	-0.257437497377396
728	727	-0.257437497377396
729	728	-0.257437497377396
730	729	-0.257437497377396
731	730	-0.257437497377396
732	731	-0.257437497377396
733	732	-0.257437497377396
734	733	-0.257437497377396
735	734	-0.257437497377396
736	735	-0.257437497377396
737	736	-0.257437497377396
738	737	-0.257437497377396
739	738	-0.257437497377396
740	739	-0.257437497377396
741	740	-0.257437497377396
742	741	-0.257437497377396
743	742	-0.257437497377396
744	743	-0.257437497377396
745	744	-0.257437497377396
746	745	-0.257437497377396
747	746	-0.257437497377396
748	747	-0.257437497377396
749	748	-0.257437497377396
750	749	-0.257437497377396
751	750	-0.257437497377396
752	751	-0.257437497377396
753	752	-0.257437497377396
754	753	-0.257437497377396
755	754	-0.257437497377396
756	755	-0.257437497377396
757	756	-0.257437497377396
758	757	-0.257437497377396
759	758	-0.257437497377396
760	759	-0.257437497377396
761	760	-0.257437497377396
762	761	-0.257437497377396
763	762	-0.257437497377396
764	763	-0.257437497377396
765	764	-0.257437497377396
766	765	-0.257437497377396
767	766	-0.257437497377396
768	767	-0.257437497377396
769	768	-0.257437497377396
770	769	-0.257437497377396
771	770	-0.257437497377396
772	771	-0.257437497377396
773	772	-0.257437497377396
774	773	-0.257437497377396
775	774	-0.257437497377396
776	775	-0.257437497377396
777	776	-0.257437497377396
778	777	-0.257437497377396
779	778	-0.257437497377396
780	779	-0.257437497377396
781	780	-0.257437497377396
782	781	-0.257437497377396
783	782	-0.257437497377396
784	783	-0.257437497377396
785	784	-0.257437497377396
786	785	-0.257437497377396
787	786	-0.257437497377396
788	787	-0.257437497377396
789	788	-0.257437497377396
790	789	-0.257437497377396
791	790	-0.257437497377396
792	791	-0.257437497377396
793	792	-0.257437497377396
794	793	-0.257437497377396
795	794	-0.257437497377396
796	795	-0.257437497377396
797	796	-0.257437497377396
798	797	-0.257437497377396
799	798	-0.257437497377396
800	799	-0.257437497377396
801	800	-0.257437497377396
802	801	-0.257437497377396
803	802	-0.257437497377396
804	803	-0.257437497377396
805	804	-0.257437497377396
806	805	-0.257437497377396
807	806	-0.257437497377396
808	807	-0.257437497377396
809	808	-0.257437497377396
810	809	-0.257437497377396
811	810	-0.257437497377396
812	811	-0.257437497377396
813	812	-0.257437497377396
814	813	-0.257437497377396
815	814	-0.257437497377396
816	815	-0.257437497377396
817	816	-0.257437497377396
818	817	-0.257437497377396
819	818	-0.257437497377396
820	819	-0.257437497377396
821	820	-0.257437497377396
822	821	-0.257437497377396
823	822	-0.257437497377396
824	823	-0.257437497377396
825	824	-0.257437497377396
826	825	-0.257437497377396
827	826	-0.257437497377396
828	827	-0.257437497377396
829	828	-0.257437497377396
830	829	-0.257437497377396
831	830	-0.257437497377396
832	831	-0.257437497377396
833	832	-0.257437497377396
834	833	-0.257437497377396
835	834	-0.257437497377396
836	835	-0.257437497377396
837	836	-0.257437497377396
838	837	-0.257437497377396
839	838	-0.257437497377396
840	839	-0.257437497377396
841	840	-0.257437497377396
842	841	-0.257437497377396
843	842	-0.257437497377396
844	843	-0.257437497377396
845	844	-0.257437497377396
846	845	-0.257437497377396
847	846	-0.257437497377396
848	847	-0.257437497377396
849	848	-0.257437497377396
850	849	-0.257437497377396
851	850	-0.257437497377396
852	851	-0.257437497377396
853	852	-0.257437497377396
854	853	-0.257437497377396
855	854	-0.257437497377396
856	855	-0.257437497377396
857	856	-0.257437497377396
858	857	-0.257437497377396
859	858	-0.257437497377396
860	859	-0.257437497377396
861	860	-0.257437497377396
862	861	-0.257437497377396
863	862	-0.257437497377396
864	863	-0.257437497377396
865	864	-0.257343769073486
866	865	-0.257437497377396
867	866	-0.257343769073486
868	867	-0.257437497377396
869	868	-0.257437497377396
870	869	-0.257437497377396
871	870	-0.257437497377396
872	871	-0.257437497377396
873	872	-0.257437497377396
874	873	-0.257437497377396
875	874	-0.257437497377396
876	875	-0.257437497377396
877	876	-0.257437497377396
878	877	-0.257437497377396
879	878	-0.257437497377396
880	879	-0.257437497377396
881	880	-0.257437497377396
882	881	-0.257437497377396
883	882	-0.257437497377396
884	883	-0.257437497377396
885	884	-0.257437497377396
886	885	-0.257437497377396
887	886	-0.257437497377396
888	887	-0.257437497377396
889	888	-0.257437497377396
890	889	-0.257437497377396
891	890	-0.257437497377396
892	891	-0.257437497377396
893	892	-0.257437497377396
894	893	-0.257437497377396
895	894	-0.257437497377396
896	895	-0.257437497377396
897	896	-0.257437497377396
898	897	-0.257437497377396
899	898	-0.257437497377396
900	899	-0.257343769073486
901	900	-0.257343769073486
902	901	-0.257437497377396
903	902	-0.257437497377396
904	903	-0.257437497377396
905	904	-0.257437497377396
906	905	-0.257437497377396
907	906	-0.257437497377396
908	907	-0.257437497377396
909	908	-0.257437497377396
910	909	-0.257437497377396
911	910	-0.257437497377396
912	911	-0.257437497377396
913	912	-0.257437497377396
914	913	-0.257437497377396
915	914	-0.257343769073486
916	915	-0.257437497377396
917	916	-0.257343769073486
918	917	-0.257343769073486
919	918	-0.257343769073486
920	919	-0.257343769073486
921	920	-0.257343769073486
922	921	-0.257437497377396
923	922	-0.257437497377396
924	923	-0.257437497377396
925	924	-0.257437497377396
926	925	-0.257437497377396
927	926	-0.257437497377396
928	927	-0.257437497377396
929	928	-0.257437497377396
930	929	-0.257437497377396
931	930	-0.257437497377396
932	931	-0.257437497377396
933	932	-0.257343769073486
934	933	-0.257343769073486
935	934	-0.257343769073486
936	935	-0.257343769073486
937	936	-0.257343769073486
938	937	-0.257343769073486
939	938	-0.257343769073486
940	939	-0.257343769073486
941	940	-0.257343769073486
942	941	-0.257343769073486
943	942	-0.257343769073486
944	943	-0.257343769073486
945	944	-0.257343769073486
946	945	-0.257343769073486
947	946	-0.257343769073486
948	947	-0.257343769073486
949	948	-0.257343769073486
950	949	-0.257343769073486
951	950	-0.257343769073486
952	951	-0.257343769073486
953	952	-0.257343769073486
954	953	-0.257343769073486
955	954	-0.257343769073486
956	955	-0.257343769073486
957	956	-0.257343769073486
958	957	-0.257343769073486
959	958	-0.257343769073486
960	959	-0.257343769073486
961	960	-0.257343769073486
962	961	-0.257343769073486
963	962	-0.257343769073486
964	963	-0.257343769073486
965	964	-0.257343769073486
966	965	-0.257343769073486
967	966	-0.257343769073486
968	967	-0.257343769073486
969	968	-0.257343769073486
970	969	-0.257343769073486
971	970	-0.257343769073486
972	971	-0.257343769073486
973	972	-0.257343769073486
974	973	-0.257343769073486
975	974	-0.257343769073486
976	975	-0.257343769073486
977	976	-0.257343769073486
978	977	-0.257343769073486
979	978	-0.257343769073486
980	979	-0.257343769073486
981	980	-0.257343769073486
982	981	-0.257343769073486
983	982	-0.257343769073486
984	983	-0.257343769073486
985	984	-0.257343769073486
986	985	-0.257343769073486
987	986	-0.257343769073486
988	987	-0.257343769073486
989	988	-0.257343769073486
990	989	-0.257343769073486
991	990	-0.257343769073486
992	991	-0.257343769073486
993	992	-0.257343769073486
994	993	-0.257343769073486
995	994	-0.257343769073486
996	995	-0.257343769073486
997	996	-0.257343769073486
998	997	-0.257343769073486
999	998	-0.257343769073486
1000	999	-0.257343769073486
1001	1000	-0.257343769073486
1002	1001	-0.257343769073486
1003	1002	-0.257343769073486
1004	1003	-0.257343769073486
1005	1004	-0.257343769073486
1006	1005	-0.257343769073486
1007	1006	-0.257343769073486
1008	1007	-0.257343769073486
1009	1008	-0.257343769073486
1010	1009	-0.257343769073486
1011	1010	-0.257343769073486
1012	1011	-0.257343769073486
1013	1012	-0.257343769073486
1014	1013	-0.257343769073486
1015	1014	-0.257343769073486
1016	1015	-0.257343769073486
1017	1016	-0.257343769073486
1018	1017	-0.257343769073486
1019	1018	-0.257343769073486
1020	1019	-0.257343769073486
1021	1020	-0.257343769073486
1022	1021	-0.257343769073486
1023	1022	-0.257343769073486
1024	1023	-0.257343769073486
1025	1024	-0.257343769073486
1026	1025	-0.257250010967255
1027	1026	-0.257250010967255
1028	1027	-0.257250010967255
1029	1028	-0.257250010967255
1030	1029	-0.257343769073486
1031	1030	-0.257343769073486
1032	1031	-0.257250010967255
1033	1032	-0.257250010967255
1034	1033	-0.257250010967255
1035	1034	-0.257250010967255
1036	1035	-0.257250010967255
1037	1036	-0.257250010967255
1038	1037	-0.257250010967255
1039	1038	-0.257250010967255
1040	1039	-0.257250010967255
1041	1040	-0.257250010967255
1042	1041	-0.257250010967255
1043	1042	-0.257250010967255
1044	1043	-0.257250010967255
1045	1044	-0.257250010967255
1046	1045	-0.257250010967255
1047	1046	-0.257250010967255
1048	1047	-0.257250010967255
1049	1048	-0.257250010967255
1050	1049	-0.257250010967255
1051	1050	-0.257250010967255
1052	1051	-0.257250010967255
1053	1052	-0.257250010967255
1054	1053	-0.257250010967255
1055	1054	-0.257250010967255
1056	1055	-0.257250010967255
1057	1056	-0.257250010967255
1058	1057	-0.257250010967255
1059	1058	-0.257250010967255
1060	1059	-0.257250010967255
1061	1060	-0.257250010967255
1062	1061	-0.257250010967255
1063	1062	-0.257250010967255
1064	1063	-0.257250010967255
1065	1064	-0.257250010967255
1066	1065	-0.257250010967255
1067	1066	-0.257250010967255
1068	1067	-0.257250010967255
1069	1068	-0.257250010967255
1070	1069	-0.257250010967255
1071	1070	-0.257250010967255
1072	1071	-0.257250010967255
1073	1072	-0.257250010967255
1074	1073	-0.257250010967255
1075	1074	-0.257250010967255
1076	1075	-0.257250010967255
1077	1076	-0.257250010967255
1078	1077	-0.257250010967255
1079	1078	-0.257250010967255
1080	1079	-0.257250010967255
1081	1080	-0.257250010967255
1082	1081	-0.257250010967255
1083	1082	-0.257250010967255
1084	1083	-0.257250010967255
1085	1084	-0.257250010967255
1086	1085	-0.257250010967255
1087	1086	-0.257250010967255
1088	1087	-0.257250010967255
1089	1088	-0.257250010967255
1090	1089	-0.257250010967255
1091	1090	-0.257250010967255
1092	1091	-0.257250010967255
1093	1092	-0.257250010967255
1094	1093	-0.257250010967255
1095	1094	-0.257250010967255
1096	1095	-0.257250010967255
1097	1096	-0.257250010967255
1098	1097	-0.257250010967255
1099	1098	-0.257250010967255
1100	1099	-0.257250010967255
1101	1100	-0.257250010967255
1102	1101	-0.257250010967255
1103	1102	-0.257250010967255
1104	1103	-0.257250010967255
1105	1104	-0.257250010967255
1106	1105	-0.257250010967255
1107	1106	-0.257250010967255
1108	1107	-0.257250010967255
1109	1108	-0.257250010967255
1110	1109	-0.257250010967255
1111	1110	-0.257250010967255
1112	1111	-0.257250010967255
1113	1112	-0.257250010967255
1114	1113	-0.257250010967255
1115	1114	-0.257250010967255
1116	1115	-0.257250010967255
1117	1116	-0.257156252861023
1118	1117	-0.257156252861023
1119	1118	-0.257250010967255
1120	1119	-0.257250010967255
1121	1120	-0.257250010967255
1122	1121	-0.257156252861023
1123	1122	-0.257156252861023
1124	1123	-0.257156252861023
1125	1124	-0.257156252861023
1126	1125	-0.257156252861023
1127	1126	-0.257250010967255
1128	1127	-0.257250010967255
1129	1128	-0.257250010967255
1130	1129	-0.257250010967255
1131	1130	-0.257250010967255
1132	1131	-0.257250010967255
1133	1132	-0.257250010967255
1134	1133	-0.257250010967255
1135	1134	-0.257250010967255
1136	1135	-0.257250010967255
1137	1136	-0.257250010967255
1138	1137	-0.257250010967255
1139	1138	-0.257250010967255
1140	1139	-0.257250010967255
1141	1140	-0.257250010967255
1142	1141	-0.257250010967255
1143	1142	-0.257250010967255
1144	1143	-0.257250010967255
1145	1144	-0.257250010967255
1146	1145	-0.257250010967255
1147	1146	-0.257250010967255
1148	1147	-0.257250010967255
1149	1148	-0.257250010967255
1150	1149	-0.257250010967255
1151	1150	-0.257250010967255
1152	1151	-0.257250010967255
1153	1152	-0.257250010967255
1154	1153	-0.257250010967255
1155	1154	-0.257156252861023
1156	1155	-0.257156252861023
1157	1156	-0.257156252861023
1158	1157	-0.257156252861023
1159	1158	-0.257156252861023
1160	1159	-0.257156252861023
1161	1160	-0.257156252861023
1162	1161	-0.257156252861023
1163	1162	-0.257156252861023
1164	1163	-0.257156252861023
1165	1164	-0.257156252861023
1166	1165	-0.257156252861023
1167	1166	-0.257156252861023
1168	1167	-0.257156252861023
1169	1168	-0.257156252861023
1170	1169	-0.257156252861023
1171	1170	-0.257156252861023
1172	1171	-0.257156252861023
1173	1172	-0.257156252861023
1174	1173	-0.257156252861023
1175	1174	-0.257156252861023
1176	1175	-0.257156252861023
1177	1176	-0.257156252861023
1178	1177	-0.257156252861023
1179	1178	-0.257156252861023
1180	1179	-0.257156252861023
1181	1180	-0.257156252861023
1182	1181	-0.257156252861023
1183	1182	-0.257156252861023
1184	1183	-0.257156252861023
1185	1184	-0.257156252861023
1186	1185	-0.257156252861023
1187	1186	-0.257156252861023
1188	1187	-0.257156252861023
1189	1188	-0.257156252861023
1190	1189	-0.257156252861023
1191	1190	-0.257156252861023
1192	1191	-0.257156252861023
1193	1192	-0.257156252861023
1194	1193	-0.257156252861023
1195	1194	-0.257156252861023
1196	1195	-0.257156252861023
1197	1196	-0.257156252861023
1198	1197	-0.257156252861023
1199	1198	-0.257156252861023
1200	1199	-0.257156252861023
1201	1200	-0.257156252861023
1202	1201	-0.257156252861023
1203	1202	-0.257156252861023
1204	1203	-0.257156252861023
1205	1204	-0.257156252861023
1206	1205	-0.257156252861023
1207	1206	-0.257156252861023
1208	1207	-0.257156252861023
1209	1208	-0.257156252861023
1210	1209	-0.257156252861023
1211	1210	-0.257156252861023
1212	1211	-0.257156252861023
1213	1212	-0.257156252861023
1214	1213	-0.257156252861023
1215	1214	-0.257156252861023
1216	1215	-0.257156252861023
1217	1216	-0.257156252861023
1218	1217	-0.257156252861023
1219	1218	-0.257156252861023
1220	1219	-0.257156252861023
1221	1220	-0.257156252861023
1222	1221	-0.257156252861023
1223	1222	-0.257156252861023
1224	1223	-0.257156252861023
1225	1224	-0.257156252861023
1226	1225	-0.257156252861023
1227	1226	-0.257156252861023
1228	1227	-0.257156252861023
1229	1228	-0.257156252861023
1230	1229	-0.257156252861023
1231	1230	-0.257156252861023
1232	1231	-0.257156252861023
1233	1232	-0.257156252861023
1234	1233	-0.257156252861023
1235	1234	-0.257062524557114
1236	1235	-0.257156252861023
1237	1236	-0.257062524557114
1238	1237	-0.257062524557114
1239	1238	-0.257062524557114
1240	1239	-0.257062524557114
1241	1240	-0.257062524557114
1242	1241	-0.257062524557114
1243	1242	-0.257062524557114
1244	1243	-0.257062524557114
1245	1244	-0.257062524557114
1246	1245	-0.257062524557114
1247	1246	-0.257062524557114
1248	1247	-0.257062524557114
1249	1248	-0.257062524557114
1250	1249	-0.257062524557114
1251	1250	-0.257062524557114
1252	1251	-0.257062524557114
1253	1252	-0.257062524557114
1254	1253	-0.257062524557114
1255	1254	-0.257062524557114
1256	1255	-0.257062524557114
1257	1256	-0.257062524557114
1258	1257	-0.257062524557114
1259	1258	-0.257062524557114
1260	1259	-0.257062524557114
1261	1260	-0.257062524557114
1262	1261	-0.257062524557114
1263	1262	-0.257062524557114
1264	1263	-0.257062524557114
1265	1264	-0.257062524557114
1266	1265	-0.257062524557114
1267	1266	-0.257062524557114
1268	1267	-0.257062524557114
1269	1268	-0.257062524557114
1270	1269	-0.257062524557114
1271	1270	-0.257062524557114
1272	1271	-0.257062524557114
1273	1272	-0.257062524557114
1274	1273	-0.257062524557114
1275	1274	-0.257062524557114
1276	1275	-0.257062524557114
1277	1276	-0.257062524557114
1278	1277	-0.257062524557114
1279	1278	-0.257062524557114
1280	1279	-0.257062524557114
1281	1280	-0.257062524557114
1282	1281	-0.257062524557114
1283	1282	-0.257062524557114
1284	1283	-0.257062524557114
1285	1284	-0.257062524557114
1286	1285	-0.257062524557114
1287	1286	-0.257062524557114
1288	1287	-0.257062524557114
1289	1288	-0.257062524557114
1290	1289	-0.257062524557114
1291	1290	-0.257062524557114
1292	1291	-0.257062524557114
1293	1292	-0.257062524557114
1294	1293	-0.257062524557114
1295	1294	-0.257062524557114
1296	1295	-0.257062524557114
1297	1296	-0.257062524557114
1298	1297	-0.257062524557114
1299	1298	-0.257062524557114
1300	1299	-0.257062524557114
1301	1300	-0.257062524557114
1302	1301	-0.257062524557114
1303	1302	-0.257062524557114
1304	1303	-0.257062524557114
1305	1304	-0.257062524557114
1306	1305	-0.257062524557114
1307	1306	-0.257062524557114
1308	1307	-0.257062524557114
1309	1308	-0.256968766450882
1310	1309	-0.25687500834465
1311	1310	-0.256968766450882
1312	1311	-0.256968766450882
1313	1312	-0.256968766450882
1314	1313	-0.256968766450882
1315	1314	-0.256968766450882
1316	1315	-0.256968766450882
1317	1316	-0.256968766450882
1318	1317	-0.256968766450882
1319	1318	-0.256968766450882
1320	1319	-0.256968766450882
1321	1320	-0.256968766450882
1322	1321	-0.256968766450882
1323	1322	-0.256968766450882
1324	1323	-0.256968766450882
1325	1324	-0.256968766450882
1326	1325	-0.256968766450882
1327	1326	-0.256968766450882
1328	1327	-0.256968766450882
1329	1328	-0.256968766450882
1330	1329	-0.256968766450882
1331	1330	-0.256968766450882
1332	1331	-0.256968766450882
1333	1332	-0.256968766450882
1334	1333	-0.256968766450882
1335	1334	-0.256968766450882
1336	1335	-0.256968766450882
1337	1336	-0.256968766450882
1338	1337	-0.256968766450882
1339	1338	-0.256968766450882
1340	1339	-0.256968766450882
1341	1340	-0.256968766450882
1342	1341	-0.256968766450882
1343	1342	-0.256968766450882
1344	1343	-0.256968766450882
1345	1344	-0.256968766450882
1346	1345	-0.256968766450882
1347	1346	-0.256968766450882
1348	1347	-0.256968766450882
1349	1348	-0.256968766450882
1350	1349	-0.256968766450882
1351	1350	-0.256968766450882
1352	1351	-0.256968766450882
1353	1352	-0.256968766450882
1354	1353	-0.25687500834465
1355	1354	-0.256968766450882
1356	1355	-0.25687500834465
1357	1356	-0.25687500834465
1358	1357	-0.25687500834465
1359	1358	-0.25687500834465
1360	1359	-0.25687500834465
1361	1360	-0.25687500834465
1362	1361	-0.25687500834465
1363	1362	-0.25687500834465
1364	1363	-0.25687500834465
1365	1364	-0.25687500834465
1366	1365	-0.25687500834465
1367	1366	-0.25687500834465
1368	1367	-0.25687500834465
1369	1368	-0.25687500834465
1370	1369	-0.25687500834465
1371	1370	-0.25687500834465
1372	1371	-0.25687500834465
1373	1372	-0.25687500834465
1374	1373	-0.25687500834465
1375	1374	-0.25687500834465
1376	1375	-0.25687500834465
1377	1376	-0.25687500834465
1378	1377	-0.25687500834465
1379	1378	-0.25687500834465
1380	1379	-0.25687500834465
1381	1380	-0.25687500834465
1382	1381	-0.25687500834465
1383	1382	-0.25687500834465
1384	1383	-0.25687500834465
1385	1384	-0.25687500834465
1386	1385	-0.25687500834465
1387	1386	-0.25687500834465
1388	1387	-0.25687500834465
1389	1388	-0.25687500834465
1390	1389	-0.25687500834465
1391	1390	-0.25687500834465
1392	1391	-0.25687500834465
1393	1392	-0.25687500834465
1394	1393	-0.25687500834465
1395	1394	-0.25687500834465
1396	1395	-0.25687500834465
1397	1396	-0.25687500834465
1398	1397	-0.25687500834465
1399	1398	-0.25687500834465
1400	1399	-0.25687500834465
1401	1400	-0.25687500834465
1402	1401	-0.25687500834465
1403	1402	-0.25687500834465
1404	1403	-0.25687500834465
1405	1404	-0.25687500834465
1406	1405	-0.25687500834465
1407	1406	-0.25687500834465
1408	1407	-0.25687500834465
1409	1408	-0.256781250238419
1410	1409	-0.256781250238419
1411	1410	-0.25687500834465
1412	1411	-0.25687500834465
1413	1412	-0.256781250238419
1414	1413	-0.256781250238419
1415	1414	-0.256781250238419
1416	1415	-0.256781250238419
1417	1416	-0.256781250238419
1418	1417	-0.256781250238419
1419	1418	-0.256781250238419
1420	1419	-0.256781250238419
1421	1420	-0.256781250238419
1422	1421	-0.256781250238419
1423	1422	-0.256781250238419
1424	1423	-0.256781250238419
1425	1424	-0.256781250238419
1426	1425	-0.256781250238419
1427	1426	-0.256781250238419
1428	1427	-0.256781250238419
1429	1428	-0.256781250238419
1430	1429	-0.256781250238419
1431	1430	-0.256781250238419
1432	1431	-0.256781250238419
1433	1432	-0.256781250238419
1434	1433	-0.256781250238419
1435	1434	-0.256781250238419
1436	1435	-0.256781250238419
1437	1436	-0.256781250238419
1438	1437	-0.256781250238419
1439	1438	-0.256781250238419
1440	1439	-0.256781250238419
1441	1440	-0.256781250238419
1442	1441	-0.256781250238419
1443	1442	-0.256781250238419
1444	1443	-0.256781250238419
1445	1444	-0.256781250238419
1446	1445	-0.256781250238419
1447	1446	-0.256781250238419
1448	1447	-0.256781250238419
1449	1448	-0.256781250238419
1450	1449	-0.256781250238419
1451	1450	-0.256781250238419
1452	1451	-0.256687521934509
1453	1452	-0.256593763828278
1454	1453	-0.256687521934509
1455	1454	-0.256687521934509
1456	1455	-0.256687521934509
1457	1456	-0.256687521934509
1458	1457	-0.256687521934509
1459	1458	-0.256687521934509
1460	1459	-0.256687521934509
1461	1460	-0.256687521934509
1462	1461	-0.256687521934509
1463	1462	-0.256687521934509
1464	1463	-0.256687521934509
1465	1464	-0.256687521934509
1466	1465	-0.256687521934509
1467	1466	-0.256687521934509
1468	1467	-0.256687521934509
1469	1468	-0.256687521934509
1470	1469	-0.256687521934509
1471	1470	-0.256687521934509
1472	1471	-0.256687521934509
1473	1472	-0.256687521934509
1474	1473	-0.256687521934509
1475	1474	-0.256687521934509
1476	1475	-0.256687521934509
1477	1476	-0.256687521934509
1478	1477	-0.256687521934509
1479	1478	-0.256687521934509
1480	1479	-0.256687521934509
1481	1480	-0.256687521934509
1482	1481	-0.256687521934509
1483	1482	-0.256687521934509
1484	1483	-0.256687521934509
1485	1484	-0.256687521934509
1486	1485	-0.256687521934509
1487	1486	-0.256687521934509
1488	1487	-0.256687521934509
1489	1488	-0.256687521934509
1490	1489	-0.256687521934509
1491	1490	-0.256687521934509
1492	1491	-0.256687521934509
1493	1492	-0.256687521934509
1494	1493	-0.256687521934509
1495	1494	-0.256687521934509
1496	1495	-0.256687521934509
1497	1496	-0.256687521934509
1498	1497	-0.256687521934509
1499	1498	-0.256687521934509
1500	1499	-0.256687521934509
1501	1500	-0.256687521934509
1502	1501	-0.256687521934509
1503	1502	-0.256687521934509
1504	1503	-0.256687521934509
1505	1504	-0.256687521934509
1506	1505	-0.256687521934509
1507	1506	-0.256687521934509
1508	1507	-0.256687521934509
1509	1508	-0.256687521934509
1510	1509	-0.256687521934509
1511	1510	-0.256687521934509
1512	1511	-0.256687521934509
1513	1512	-0.256687521934509
1514	1513	-0.256687521934509
1515	1514	-0.256687521934509
1516	1515	-0.256687521934509
1517	1516	-0.256687521934509
1518	1517	-0.256687521934509
1519	1518	-0.256687521934509
1520	1519	-0.256687521934509
1521	1520	-0.256687521934509
1522	1521	-0.256687521934509
1523	1522	-0.256687521934509
1524	1523	-0.256687521934509
1525	1524	-0.256593763828278
1526	1525	-0.256593763828278
1527	1526	-0.256593763828278
1528	1527	-0.256593763828278
1529	1528	-0.256593763828278
1530	1529	-0.256593763828278
1531	1530	-0.256593763828278
1532	1531	-0.256593763828278
1533	1532	-0.256593763828278
1534	1533	-0.256593763828278
1535	1534	-0.256593763828278
1536	1535	-0.256593763828278
1537	1536	-0.256593763828278
1538	1537	-0.256593763828278
1539	1538	-0.256593763828278
1540	1539	-0.256593763828278
1541	1540	-0.256593763828278
1542	1541	-0.256593763828278
1543	1542	-0.256593763828278
1544	1543	-0.256593763828278
1545	1544	-0.256593763828278
1546	1545	-0.256593763828278
1547	1546	-0.256593763828278
1548	1547	-0.256593763828278
1549	1548	-0.256593763828278
1550	1549	-0.256593763828278
1551	1550	-0.256593763828278
1552	1551	-0.256593763828278
1553	1552	-0.256593763828278
1554	1553	-0.256593763828278
1555	1554	-0.256593763828278
1556	1555	-0.256593763828278
1557	1556	-0.256593763828278
1558	1557	-0.256593763828278
1559	1558	-0.256593763828278
1560	1559	-0.256593763828278
1561	1560	-0.256593763828278
1562	1561	-0.256500005722046
1563	1562	-0.256500005722046
1564	1563	-0.256500005722046
1565	1564	-0.256500005722046
1566	1565	-0.256500005722046
1567	1566	-0.256500005722046
1568	1567	-0.256500005722046
1569	1568	-0.256500005722046
1570	1569	-0.256500005722046
1571	1570	-0.256500005722046
1572	1571	-0.256500005722046
1573	1572	-0.256500005722046
1574	1573	-0.256500005722046
1575	1574	-0.256500005722046
1576	1575	-0.256500005722046
1577	1576	-0.256500005722046
1578	1577	-0.256500005722046
1579	1578	-0.256500005722046
1580	1579	-0.256500005722046
1581	1580	-0.256500005722046
1582	1581	-0.256500005722046
1583	1582	-0.256500005722046
1584	1583	-0.256500005722046
1585	1584	-0.256500005722046
1586	1585	-0.256500005722046
1587	1586	-0.256500005722046
1588	1587	-0.256500005722046
1589	1588	-0.256406247615814
1590	1589	-0.256500005722046
1591	1590	-0.256406247615814
1592	1591	-0.256406247615814
1593	1592	-0.256406247615814
1594	1593	-0.256406247615814
1595	1594	-0.256406247615814
1596	1595	-0.256406247615814
1597	1596	-0.256406247615814
1598	1597	-0.256406247615814
1599	1598	-0.256406247615814
1600	1599	-0.256406247615814
1601	1600	-0.256406247615814
1602	1601	-0.256406247615814
1603	1602	-0.256406247615814
1604	1603	-0.256406247615814
1605	1604	-0.256406247615814
1606	1605	-0.256406247615814
1607	1606	-0.256406247615814
1608	1607	-0.256406247615814
1609	1608	-0.256406247615814
1610	1609	-0.256406247615814
1611	1610	-0.256406247615814
1612	1611	-0.256406247615814
1613	1612	-0.256406247615814
1614	1613	-0.256406247615814
1615	1614	-0.256406247615814
1616	1615	-0.256406247615814
1617	1616	-0.256406247615814
1618	1617	-0.256406247615814
1619	1618	-0.256406247615814
1620	1619	-0.256406247615814
1621	1620	-0.256406247615814
1622	1621	-0.256406247615814
1623	1622	-0.256406247615814
1624	1623	-0.256406247615814
1625	1624	-0.256406247615814
1626	1625	-0.256406247615814
1627	1626	-0.256406247615814
1628	1627	-0.256406247615814
1629	1628	-0.256406247615814
1630	1629	-0.256406247615814
1631	1630	-0.256500005722046
1632	1631	-0.256500005722046
1633	1632	-0.256500005722046
1634	1633	-0.256406247615814
1635	1634	-0.256406247615814
1636	1635	-0.256500005722046
1637	1636	-0.256500005722046
1638	1637	-0.256500005722046
1639	1638	-0.256500005722046
1640	1639	-0.256500005722046
1641	1640	-0.256500005722046
1642	1641	-0.256500005722046
1643	1642	-0.256500005722046
1644	1643	-0.256500005722046
1645	1644	-0.256500005722046
1646	1645	-0.256500005722046
1647	1646	-0.256500005722046